# Created by Octave 4.2.1, Tue May 16 11:05:29 2017 WIB <afif@afif-macbook.local>
# name: a
# type: uint8 matrix
# ndims: 2
 50 50
 240
 224
 224
 0
 0
 0
 200
 192
 144
 176
 226
 208
 192
 208
 192
 192
 144
 192
 128
 192
 0
 128
 128
 64
 0
 128
 64
 128
 128
 128
 192
 0
 128
 192
 0
 0
 192
 192
 0
 136
 128
 128
 128
 192
 192
 224
 128
 160
 0
 0
 52
 240
 224
 0
 0
 0
 240
 232
 192
 160
 176
 194
 128
 224
 208
 192
 192
 128
 0
 128
 192
 160
 128
 128
 128
 96
 128
 0
 128
 0
 192
 64
 64
 128
 192
 128
 128
 192
 128
 128
 192
 128
 192
 128
 192
 128
 224
 128
 0
 0
 224
 52
 240
 0
 0
 0
 144
 240
 232
 144
 224
 176
 192
 192
 160
 192
 224
 192
 128
 128
 128
 64
 128
 128
 64
 128
 0
 128
 0
 128
 0
 128
 192
 64
 128
 128
 0
 128
 128
 128
 128
 192
 192
 192
 128
 160
 128
 224
 0
 0
 208
 184
 176
 88
 224
 192
 192
 194
 224
 128
 128
 192
 128
 0
 128
 128
 128
 0
 144
 128
 128
 128
 128
 128
 128
 64
 192
 128
 128
 132
 128
 128
 128
 128
 192
 128
 192
 0
 128
 224
 192
 128
 192
 192
 192
 0
 0
 0
 0
 0
 192
 192
 184
 224
 208
 224
 128
 194
 194
 192
 192
 128
 128
 128
 0
 0
 16
 128
 0
 0
 128
 64
 128
 128
 128
 128
 64
 0
 128
 192
 0
 128
 128
 0
 128
 192
 64
 128
 0
 0
 192
 192
 192
 192
 192
 0
 0
 0
 0
 0
 176
 192
 208
 192
 224
 216
 224
 192
 192
 192
 192
 128
 128
 128
 128
 0
 0
 144
 128
 0
 144
 128
 128
 128
 192
 128
 128
 212
 0
 128
 128
 0
 128
 128
 0
 128
 192
 192
 192
 128
 128
 224
 192
 224
 64
 0
 0
 0
 0
 0
 0
 0
 0
 160
 224
 224
 224
 192
 224
 128
 160
 64
 224
 128
 128
 128
 128
 128
 128
 128
 128
 128
 128
 128
 128
 192
 128
 128
 128
 128
 160
 128
 128
 128
 128
 128
 128
 64
 128
 192
 160
 128
 192
 128
 128
 192
 64
 128
 0
 0
 0
 0
 0
 160
 224
 224
 128
 224
 192
 128
 128
 224
 128
 192
 128
 128
 192
 0
 128
 64
 128
 128
 0
 128
 0
 128
 192
 128
 192
 128
 0
 128
 128
 128
 128
 128
 128
 136
 64
 128
 192
 128
 128
 192
 192
 192
 224
 128
 0
 0
 0
 0
 0
 224
 160
 224
 224
 192
 224
 64
 128
 128
 0
 128
 224
 128
 128
 128
 128
 128
 128
 128
 128
 0
 192
 0
 128
 128
 128
 0
 128
 32
 160
 128
 128
 0
 192
 128
 136
 128
 128
 192
 160
 128
 128
 0
 192
 192
 0
 0
 192
 240
 128
 0
 0
 0
 176
 224
 224
 192
 0
 192
 128
 128
 0
 128
 0
 192
 128
 128
 128
 224
 128
 128
 0
 192
 0
 192
 128
 193
 232
 128
 192
 224
 160
 128
 128
 192
 0
 192
 128
 128
 64
 144
 128
 192
 208
 0
 0
 0
 240
 192
 112
 0
 0
 0
 192
 176
 224
 0
 128
 0
 0
 128
 192
 128
 0
 0
 128
 128
 128
 0
 224
 128
 192
 0
 192
 128
 192
 0
 128
 200
 128
 160
 224
 160
 192
 0
 192
 128
 192
 128
 128
 64
 144
 32
 224
 208
 0
 0
 128
 240
 192
 0
 0
 0
 224
 192
 144
 128
 0
 192
 128
 0
 192
 192
 128
 128
 128
 128
 128
 128
 0
 96
 192
 192
 0
 192
 128
 192
 192
 128
 200
 128
 160
 224
 0
 192
 128
 128
 128
 192
 128
 128
 192
 0
 64
 64
 0
 0
 0
 0
 0
 0
 0
 0
 160
 192
 224
 0
 64
 128
 128
 128
 192
 160
 128
 128
 128
 128
 0
 128
 64
 128
 128
 128
 64
 192
 128
 128
 224
 160
 128
 224
 192
 160
 192
 160
 192
 192
 128
 128
 64
 128
 128
 0
 128
 128
 0
 0
 0
 0
 0
 0
 0
 0
 0
 224
 192
 128
 128
 64
 128
 128
 128
 128
 160
 128
 96
 128
 0
 128
 128
 64
 128
 128
 128
 192
 192
 128
 224
 224
 160
 0
 224
 192
 128
 192
 160
 128
 192
 128
 16
 128
 128
 160
 0
 128
 0
 0
 0
 0
 0
 0
 0
 0
 224
 64
 128
 128
 128
 0
 192
 128
 128
 128
 128
 160
 0
 32
 128
 128
 128
 128
 64
 128
 128
 128
 64
 192
 128
 224
 192
 160
 160
 224
 160
 0
 192
 128
 128
 192
 128
 16
 128
 160
 192
 0
 0
 0
 224
 224
 208
 224
 192
 224
 192
 176
 240
 128
 4
 192
 128
 128
 0
 192
 64
 128
 0
 128
 128
 192
 160
 0
 128
 128
 64
 0
 128
 128
 192
 128
 128
 192
 192
 128
 208
 160
 128
 192
 128
 128
 192
 128
 64
 128
 128
 128
 0
 0
 160
 224
 224
 224
 128
 64
 192
 192
 176
 0
 192
 4
 128
 128
 128
 0
 192
 64
 192
 128
 128
 64
 128
 160
 128
 128
 128
 128
 128
 128
 128
 128
 0
 128
 128
 64
 128
 144
 32
 192
 128
 128
 128
 192
 0
 128
 128
 128
 0
 0
 208
 160
 224
 224
 224
 224
 224
 192
 192
 192
 128
 192
 0
 128
 128
 128
 0
 64
 0
 64
 128
 0
 64
 128
 0
 0
 128
 128
 128
 128
 128
 128
 192
 128
 128
 64
 128
 128
 208
 128
 192
 128
 192
 128
 192
 128
 0
 128
 0
 0
 232
 160
 184
 224
 192
 194
 128
 128
 192
 192
 128
 0
 128
 0
 128
 128
 128
 128
 0
 0
 128
 64
 0
 128
 128
 128
 192
 128
 128
 128
 192
 160
 192
 192
 64
 192
 224
 224
 128
 208
 96
 128
 224
 160
 128
 128
 192
 0
 0
 0
 176
 224
 160
 224
 96
 192
 224
 192
 176
 144
 192
 224
 128
 128
 0
 192
 128
 128
 128
 128
 128
 192
 128
 0
 0
 0
 128
 128
 128
 128
 128
 192
 160
 192
 128
 64
 160
 192
 224
 128
 208
 224
 64
 224
 128
 0
 128
 128
 0
 0
 184
 176
 224
 226
 224
 224
 224
 232
 192
 0
 144
 192
 128
 0
 128
 128
 192
 128
 128
 128
 128
 192
 200
 64
 192
 0
 128
 128
 128
 128
 64
 128
 196
 192
 208
 192
 128
 160
 192
 192
 128
 208
 128
 192
 224
 128
 128
 128
 0
 0
 216
 96
 236
 0
 0
 0
 0
 0
 0
 128
 64
 0
 0
 224
 192
 160
 160
 128
 130
 196
 128
 128
 192
 0
 192
 0
 128
 192
 64
 192
 208
 160
 224
 224
 192
 192
 128
 208
 96
 224
 192
 224
 224
 128
 128
 192
 0
 192
 0
 0
 224
 216
 96
 0
 0
 0
 0
 0
 0
 192
 128
 224
 128
 0
 224
 128
 160
 160
 64
 128
 196
 0
 128
 192
 144
 192
 64
 192
 192
 68
 192
 192
 160
 224
 224
 192
 192
 224
 208
 192
 224
 192
 208
 224
 128
 192
 224
 64
 0
 0
 232
 192
 208
 0
 0
 0
 0
 0
 0
 0
 192
 16
 192
 128
 0
 128
 128
 160
 0
 0
 130
 0
 0
 160
 128
 128
 192
 192
 192
 192
 224
 192
 208
 192
 160
 224
 224
 192
 224
 224
 192
 192
 128
 208
 224
 192
 0
 192
 0
 0
 0
 0
 0
 0
 0
 0
 0
 0
 128
 192
 224
 64
 128
 192
 128
 128
 64
 64
 128
 128
 128
 128
 0
 128
 16
 0
 160
 160
 176
 194
 224
 128
 224
 160
 192
 224
 160
 224
 192
 192
 160
 132
 128
 192
 144
 64
 0
 128
 0
 0
 0
 0
 0
 0
 0
 0
 0
 0
 0
 192
 192
 224
 128
 128
 192
 0
 128
 128
 0
 128
 128
 144
 128
 0
 136
 144
 0
 192
 168
 176
 64
 224
 128
 224
 160
 192
 240
 160
 224
 128
 192
 224
 128
 192
 224
 192
 192
 192
 0
 0
 0
 0
 0
 0
 0
 0
 128
 0
 0
 0
 192
 80
 128
 128
 128
 192
 0
 128
 128
 0
 128
 128
 144
 0
 128
 136
 144
 192
 192
 168
 192
 0
 192
 224
 224
 160
 192
 224
 160
 132
 192
 192
 144
 128
 192
 128
 192
 192
 0
 0
 160
 228
 224
 240
 208
 128
 240
 176
 208
 0
 0
 0
 192
 192
 128
 128
 128
 0
 128
 128
 128
 192
 128
 128
 192
 192
 128
 224
 192
 160
 128
 128
 144
 224
 192
 224
 208
 192
 192
 192
 128
 0
 192
 128
 192
 64
 192
 192
 0
 0
 200
 160
 192
 232
 240
 208
 128
 240
 176
 64
 0
 0
 192
 192
 192
 192
 160
 128
 128
 192
 128
 192
 192
 128
 128
 192
 192
 224
 224
 192
 224
 128
 128
 208
 224
 192
 128
 208
 64
 192
 224
 128
 128
 224
 128
 96
 192
 192
 0
 0
 224
 192
 160
 160
 200
 240
 216
 128
 240
 0
 64
 0
 128
 128
 192
 128
 192
 160
 128
 0
 192
 128
 192
 192
 128
 0
 192
 160
 224
 192
 16
 96
 128
 160
 192
 224
 192
 160
 208
 160
 192
 160
 192
 160
 224
 192
 224
 160
 0
 0
 0
 0
 0
 212
 124
 232
 0
 0
 0
 0
 0
 4
 224
 224
 130
 64
 128
 128
 128
 192
 64
 128
 0
 128
 192
 128
 64
 96
 128
 128
 192
 128
 64
 192
 128
 192
 0
 0
 0
 128
 128
 192
 192
 192
 128
 192
 128
 192
 0
 0
 0
 0
 0
 160
 212
 124
 0
 0
 0
 0
 0
 0
 192
 224
 224
 128
 64
 0
 64
 128
 0
 128
 0
 4
 128
 224
 128
 128
 224
 128
 128
 192
 192
 96
 224
 128
 0
 0
 0
 192
 64
 128
 192
 224
 192
 224
 64
 128
 0
 0
 0
 0
 0
 236
 160
 212
 0
 0
 0
 4
 0
 0
 128
 192
 224
 192
 128
 64
 64
 64
 128
 128
 128
 136
 64
 128
 224
 128
 192
 224
 192
 128
 192
 192
 224
 224
 0
 0
 0
 192
 192
 192
 128
 160
 224
 192
 96
 192
 0
 0
 200
 160
 192
 224
 224
 224
 224
 224
 168
 176
 208
 208
 192
 224
 192
 128
 192
 128
 128
 128
 192
 128
 128
 128
 128
 96
 0
 128
 0
 128
 192
 128
 192
 128
 128
 128
 192
 128
 144
 0
 192
 224
 192
 128
 0
 193
 0
 128
 0
 0
 224
 224
 176
 160
 224
 224
 224
 224
 224
 192
 224
 208
 64
 128
 224
 128
 128
 192
 144
 128
 0
 128
 128
 128
 128
 128
 32
 192
 128
 0
 0
 192
 0
 192
 128
 128
 128
